$ANSIBLE_VAULT;1.1;AES256
35306638306138383666323163383639646433336563303037643838313564313464363231323839
3830363963653966396237303563373162663862646631380a383964643065323065386633353033
65623761366337613830393039323632303837666261346261646333393765306362316665663164
6230626461316432300a303439663962626661383630326564383164323630326337313239323766
39636535346534613131373330653237363164333364366230653665303639616461626434363466
38653339383234313730663833383234356161653434663565333731356330333531393563663230
35373839396439343634383738623331356238326366323837333930326364333434376162303337
32363036653337343931363932623562326163326463303438616133333630653162653765303766
65336539663363323032333533396138343830383362623336326231363732353438303333633335
32356162313537623731353937396630613063393038323535383336623534346433616435653936
38643833623933323666613532363237363733663235396164316235343734306334326662313739
31303764393930336561373839666337353636616637373837393462326239663938353663316639
35653162373463306630316238316662366631663364323434313266616535613931613533653437
64333638373835346439613030353464333537633531313530366165313435646466663435356566
38386365303166643966383432333435643332633733653937396461643637353738666235663334
63313236663031396433363930653462373931353439613865366565323764613734633831653839
35616639356133636135396438346265396461353163613162343933363034303033356134393639
32326166633632343866333162343933396566383466363863363339623334346564343763343266
35343861626130646534343933363338316632333435393665643032326561346535643735646433
65316362393261633430333733373636303866656233623361343731393338343130336332326464
66323730303330383466393964363133626564353139363865653361306633646365353430643962
63636165393333633639633537393263393261303838353331376133663430653135386432323938
32363334373164316665663230306338653238343132653565366434643763663933333065343133
35326431613338383264356163316539666433376139313265636365393566343838636531633738
36633437323466343038653566643965353131313665623263326362333465303134336363303139
6138326238366566653737303463663366633164616434316561
