$ANSIBLE_VAULT;1.1;AES256
61386335316239663566643238353338323632636464643337396138646634343463306161343830
3039653738333630366562333636656239316465323762370a363563316435343939643464653532
38626436333363663834323865663163613262643036356565333662366364323064636138633932
6462623631313235380a393435626335653538346465323133633639303961303132356635336430
65653038643737313938663764616538396637623039646530376661383765363130363831633166
61633731393462356566323462303737646639363032656533393763326535356362346564313266
65316133386335656436356135656666616632643139373530646237666437303639396330343166
32333761653564623037643638626538643934336439333737616130656233636236396132633965
66303036323039643965663661343830613536663931616631613331323632376431383038653132
38343732633036343962653933313933633762343932653464646662663732326164373737653533
36346633636632323634656162333836633766646264393032623365333435363465653864653164
33323064366334303233643864333263363463343932613735663162376632303834303635303439
30353334666233616339393636613931626135316165346166323538323862363234353366383335
66336334333862316361323235623564373735623636306462646531356661396466633264333635
65646165656362303963663734356264653537393337313936323861333631363235663830356330
64376462366439393739356664363864633138353634613330633739343964616334656536656337
35633132326431356334336532303231346335373461323238336661346333663466326630333662
62363963666163626463366136316264376665393831653131323637393238313762373466616562
33303733613631376466383538373730376335346162396336653162383630633536623463353932
61396636333632383531663063336365313161306431303034343433616231623136336265323334
34346261343937643865333331376631313830633731363233373663376166346663626665306437
39356332306333323830343038646532303032623830373232643332626535393632326638393130
36643032313964633433653365353633666334333065356266356635633338346661356462666366
63633235333162386539623466623163336233353134663064316337333930663535373661303566
32373262613961343062633331343339613764376239356464653363306534663437613937363438
66313034373334623536333463333930313631333864633737643131326331653562356532663530
36356663336665383636613163613066396436626239616161643935643332313964613062343061
37656139393565633933656662333765346563326161323264396539303635636364316462386533
65376635633666623132656230326630396234316462303838366664396139373636323338643136
38653632656531613465646534613436616333393061393761386139386366306562363864323934
33343036656134666635336134613763623564333161646137356265366366386430363936646165
66393134386432646333633065636262333939356564376636313661623435383337383538353864
61343336386135316437376361633839636131333563353062653736333433616361366463313134
63333666363836373532353561366231353030363537663134336265653064623561626130646161
66373437366434316438626139393564363837363465383137333165376630363962653237643737
63313164393165326234376264313436396533653336643463326263643431666163623230386136
36623537373862613533613237363637303566646538623434636161336131313362323961396262
61646664363262323337643839313737363764353034653765343666323365356232646264303132
31353161396335623333613064633964303436333365333332643661383432316334383535643264
32653931383537396331336361333037393839623639636634316466643061613162323835303632
61356238353639643565393836646166333231656532613163623932613933633238383561623436
32353934626565323762383532633861656434353135613265666136396130396634633563393061
62323632383462666339396463616666363065373065313234383061643336663233623061333132
30663661343132366333666236396663646662373865396239353338623338613934656465356432
39303935366164313130333937663131356134333161373333306362333861333965303037643634
63343239353034616565326162343639353232336639663830316632346162633163363932656462
33633366613461383432663561636238626638643232396362393339303761343938323637623765
34656563636536343538616337633966613632323266363061613163633761333735373733363030
35646633313162656533306465666233653338656564303563626665386535373164386462356231
38646266633939346633383736613631613830313961373363326264643534626165333761633065
34646631343830303633323435663066666265373939663330363761396438373035643766396261
63393664396663313939326333636361356161343865333237343137333937306664323035393063
34336161386439336331643564343565393635613737666337366366616130346665623365333530
34343161313930303466633139363461643663666539323263613935613839376666373333393932
37656235616336323838323165626130646361616132333666353433376235646534336262623630
30336534353961316332613565653366306330303137326661636264316136326665353662306361
64306638636436666266336132363766626237653431383963353333303932313732393738383231
62316239633766376538636533643962313062306535306434613032613839326236336436623063
35363161656464353362623038363438613266666432623936376662383063363438623363343538
38663337366562323438643734343737333663336235663166363366393062613031613065626166
36633464323239633933313237363439366338363334643965643464373130646566636137383530
30363163333439333335393232643432386166663536333764366263353066353864623038346434
36333034616233323831393934333932633966313961343062383137663737396163303136393864
32343963633230306435353564323462633031333234376163343737326537316339663032623563
30306334333933373762653037353033623163383262616534646439313036663365303933613432
32383661396332663136663236333561353537316462323136303938623930636262396338373832
30323436633334626266323464613932373533316663353366313763623938363430666136393931
38353933306663313062393066373132633632626538343730386162373239313066656362633763
34383933383761656430346631646331366462616561393235353832316265353866393434393931
36356264643261346435376166373135663539353334393637636631323964303739653963366436
37633433323435353665383133386231633636313062306638653161633033633537646436626138
34313365636265663432383561366430356533393066623630623762303561336566663534643431
65356463303761386366636231333733646633313636363135373237613261623138376464313132
62393932313936623839646564623831613331373662353934373164373433623035373761323863
36313134636339616435393462633939326661666332396534616362613566633936376661623762
38313865343864303235323163326539353534353738333232363436303638383731633636643735
61383334303764353831663534626161666437333838383564353762653138323332623734646337
39323462316434323532636562623062626631376336393033363935646561333765306536383030
37663433326264316365613463643137303639386662316637313963646666383338353733393334
62656537323636363830386365303237383432333633646436353039346138653630356434333066
34343939616535363932303330333734623961363134383735393235666231353564666665643261
35363961653732306539373132643837333539613837643639666564306532633836366333356437
31393734613765613362363331613433656565333039373066633965636161393265326238326236
38313964656561336234633235343535333038363032373461643637396233636539616133626566
38316535363634333230643161636465663931646565626230653332343762613761353061303938
31666237326433383430346630386463326432616662366634653334653361346436393330333233
37666539306332386539366635313132313239343361353463616562326464313930656134356465
32643965353734323431356331393730393432623565336563656637666637643738353633343936
33323561666663636464363263363934616361396337613961313737306162623136613231333062
33323462613865633262333639613664386537376562386566393933383661376539366234626438
35333562353234613761386363326162643138346161323961383138373134383461666464663430
64623339316631636530333632623865313466313464306366643234343934363534333737666465
66336436666338646563613935303261323534306666366631316664656166383833633336323139
36663630666338366631346435643130343835373966353837323638656664373033623265643430
36653065396435353065653465393238376561373630653639333439383063303536343866303130
63386230396334363461353865663535386139313137323862333366313333656465333236333733
37303663323532316364313633353031623566343834653735303938656439356638346361343533
38366335343366646264313039326439373436383863653565646530353834316637346132353432
62306631393739643666343335663634366137643865353334333537616361626661393634373331
39613431666562333763616539636136303462323932393362656635656562393235653838326361
37363463623266326262623662376336396330636563333731383435373361303930363365616363
64366566333037653335383862623130663062346336626565643537383933633661643235353866
39626436646536666662356230326137383639636433616364343639353136666236343632373566
30326331316636383663333164643037656135316539333932353532623930333838633664623535
66393036353638666263616265626563653265393263626634636665353566306131373936346134
63353664333262613231613962373337646536646166663132626335383333643762663234396430
33343166626564326436323835356366643465373563333537323534626465383265313962643961
32363532333539323064653130353031653338636631666166386362363861623064653535633864
31613164353566313638363361666431383530303666613330636239373465366135336238306361
62343962306535643161383531653732353563666137383335393066623665316234666130656363
35396134356138346431613731373330396537633865396232393937333536623435643631353266
31643432376233616333643162356134633661376231306332666365656237653061353664643263
31666631653833356166303635656439353936623037326166666636306437656262383238356639
35623737306163393831323937386235616462393364376161663363643265336266616565653666
33623462663336313833373430373531323864353563616664393931643466643634346161643035
36363438363937393162323161306232333264376134633839316130633038303066323230343265
39646537396337323730306164636233343531653636663365646665626132303061336138376633
66613436306138643664313162353763376638636161316332306662376133363466643266653132
36646139383639636530313765613134653333643965373238363965333933343530346633653932
64383433376338313436343830376336376331313936653131346531303037666464626436306463
37376334663031346362653434623666326564333531313562623764326131373439323863323136
37613061366438313465323230323939336562323631373935303231356433353238343634353431
63376237326562376566353861613562353139623861663037376532313037313639613239386639
65663430323963343031303939383935653262316366643536623339366333353531303966326333
34626363356465393139653233643162653365383133363761376334383539333631396666666461
39653737316539303562386263633966666538356333656332656438613331656536333130653038
32343732623963336464386565333139346262393266313235633563613731643231613630633838
61633935336461643833656632636565336632633965623461316238653831646331336535633632
65633662353631633766306662303332343262303462313264316166363664343133323831353930
61653638303462336436346462393262396264353630623364396566343630363239323065663162
61323436613566396163323232313630313866323864313834383138386137643731646566636139
36373537373330383863303739366230663630366636393331613138633864373334333430313962
35396265333236336263363862613336636535326262333634363965653461313233646430633435
37633335316535396663646137363038616633383163396361366436653530663361373237626132
63343536386137353537343131653037646638386666323134633235373061643838656165396534
66313964656434323530303566616135346237353562396434656466363562396536386463653134
65663430303433663536623766353134623737353931393234366363313534663137326665386263
3361303936623236656161633639343363643965383334313333
